camera_matrix:
  rows: 3
  cols: 3
  dt:   d
  data: [ 635.93, 0.0,     444.27,
          0.0,    634.263, 256.835,
          0.0,    0.0,     1.0      ]

distortion_coefficients:
  rows: 5
  cols: 1
  dt:   d
  data: [ -0.372403, 0.157163,
          -0.00424357, -0.00231644, -0.0522724 ]
